name: face2face-demo
channels:
  - menpo
  - conda-forge
  - pytorch
  - defaults
dependencies:
  - blas=1.0=mkl
  - boost=1.63.0=py35_vc14_0
  - bzip2=1.0.6=hfa6e2cd_1002
  - ca-certificates=2020.4.5.1=hecc5488_0
  - certifi=2018.8.24=py35_1001
  - dlib=19.4=np113py35_200
  - icc_rt=2019.0.0=h0cc432a_1
  - intel-openmp=2019.4=245
  - jpeg=9b=hb83a4c4_2
  - libpng=1.6.28=vc14_1
  - m2w64-gcc-libgfortran=5.3.0=6
  - m2w64-gcc-libs=5.3.0=7
  - m2w64-gcc-libs-core=5.3.0=7
  - m2w64-gmp=6.1.0=2
  - m2w64-libwinpthread-git=5.0.0.4634.697f757=2
  - mkl=2017.0.4=h6d528fc_0
  - msys2-conda-epoch=20160418=1
  - numpy=1.13.3=py35hb69e940_3
  - opencv3=3.1.0=py35_0
  - openssl=1.1.1f=hfa6e2cd_0
  - pip=9.0.1=py35_1
  - python=3.5.3=3
  - setuptools=27.2.0=py35_0
  - sqlite=3.13.0=vc14_0
  - tbb=4.4_20160413=vc14_1
  - tk=8.5.19=vc14_0
  - vc=14=h21ff451_11
  - vs2015_runtime=14.16.27012=h30e32a0_2
  - wheel=0.29.0=py35_0
  - wincertstore=0.2=py35_1002
  - xz=5.2.2=0
  - zlib=1.2.8=vc14_3
  - pip:
    - backports-weakref==1.0rc1
    - bleach==1.5.0
    - html5lib==0.9999999
    - imutils==0.4.3
    - markdown==2.6.8
    - protobuf==3.3.0
    - six==1.10.0
    - tensorflow-gpu==1.14.0
    - werkzeug==0.12.2
prefix: C:\ProgramData\Anaconda3\envs\face2face-demo

